Clustering with 762 elements and 16 clusters
[ 0] 489, 579, 159, 561, 208, 300, 44, 577, 575, 89, 126, 653, 125, 292, 450,
     506, 171, 580, 277, 707, 739, 66, 350, 746, 471, 308, 587, 202, 359, 761,
     508, 134, 26, 88, 75, 238, 417, 395
[ 1] 290, 512, 444, 766, 721, 143, 446, 693, 747, 247, 419, 749, 244, 670,
     677, 627, 713, 491, 287, 534, 260, 544, 230, 380, 294, 757, 514, 52, 428,
     216, 765, 722, 764, 148, 295, 588, 709, 49, 451, 674, 215, 191, 600, 263,
     188, 626, 614, 29, 76, 390, 567, 473, 696, 581, 400, 472, 530, 736, 590,
     439, 719, 465, 447, 449, 307, 239, 177, 269
[ 2] 96, 478, 132, 262, 711, 606, 81, 279, 306, 140, 30, 229, 652, 745, 586,
     769, 189, 170, 32, 407, 621, 335, 692, 511, 702, 237, 559, 469, 146, 676,
     377, 326, 505, 354, 503, 738, 454, 55, 545, 375, 413, 356, 311, 704, 240,
     346, 273, 217, 280, 224, 312, 100, 249, 467, 752, 97, 272, 165, 71, 513,
     483, 551, 673, 357, 39, 475, 90, 60, 481, 11, 499, 72, 493, 436, 34, 329,
     498, 19, 531, 554, 344, 754, 669, 568, 324, 529, 341, 433, 123, 330, 582,
     153, 552, 641, 43, 429, 107, 644, 271, 571, 343, 1, 685, 232, 594, 5, 12,
     118, 198, 525, 218, 160, 376, 276, 248, 664, 455, 268, 732, 266, 36, 120,
     535, 460, 661, 625, 154, 222, 477, 79, 602
[ 3] 615, 251, 167, 422, 297, 246, 319, 635, 755, 186, 245, 320, 726, 129,
     425, 384, 691, 69, 289, 658, 546, 563, 64, 195, 53, 697, 173, 744, 86,
     358, 398, 313, 175, 286, 476, 538, 671, 323, 434, 128, 144, 318, 462,
     274, 305, 299, 374, 578, 363, 133, 389, 314, 342, 22, 250, 379, 334, 256,
     56, 42, 643, 338, 211, 750, 221, 345, 768, 631, 93, 440, 70, 78, 495,
     708, 515, 637, 500, 403, 63, 763, 756, 591, 524, 485, 620, 443, 730, 452,
     309, 127, 463, 84, 574, 729, 156, 612, 758, 317, 411, 178, 557, 184, 270,
     257, 179, 57, 549, 7, 200, 220, 278, 337, 528, 539, 348, 242, 54, 382,
     609, 18, 62, 592, 227, 109, 706, 302, 241, 210, 608, 640, 152, 651, 647,
     723, 235, 714, 119, 516, 628, 619, 68, 31, 584, 415, 20, 291, 488, 115,
     6, 349, 650, 267, 717, 565, 255, 183, 285, 576, 103, 207, 526, 192, 259
[ 4] 87, 104, 388, 110, 409, 316, 583, 367, 599, 204, 639, 50, 17, 225, 399,
     427
[ 5] 564, 283, 724, 760, 466, 458, 187, 550, 728, 61, 624, 236, 48, 352, 333,
     426, 142, 734, 633, 214, 423, 328, 484, 404, 502, 41, 412, 112, 611, 293,
     85, 176, 486, 219, 420, 520, 541, 393, 767, 14, 3, 141, 603, 228, 197,
     105, 748, 617, 8, 101, 92, 95, 392, 461, 368, 73, 265, 595, 361, 663,
     209, 753, 172, 223, 510, 149, 113, 372, 321, 25, 532, 660, 497, 636, 742,
     659, 517, 560, 16, 10, 547, 536, 373, 347, 339, 180, 666, 386, 366, 605,
     699, 725, 199, 139, 155, 301, 638, 111, 543, 234, 688, 243, 150, 137,
     562, 47, 145, 424, 168, 553, 304, 679, 59, 459, 397, 381, 589, 610, 378,
     657, 453, 649, 504, 284, 391, 340, 315, 418, 296, 519, 646, 593, 441,
     233, 77, 572, 94, 482, 38, 727, 190, 114, 416, 116, 479, 533, 654, 537,
     490, 607, 618, 117, 157, 431, 718, 33, 570, 138, 678, 438, 91, 261, 65,
     464, 521, 735, 558, 325, 131, 687, 682, 405, 371, 601, 720, 383, 151,
     613, 705, 672, 634, 46, 203, 700, 632, 665, 58, 715, 648, 15, 623, 642,
     353, 668, 27, 205, 421, 698, 196, 322, 701, 158, 385, 598, 480, 410, 298,
     98, 282, 487
[ 6] 494, 448, 166, 414, 360, 182, 281, 194, 496, 604, 430, 695, 408, 597,
     212, 716, 231, 193, 556, 759, 331, 275, 630, 82, 336, 136, 258, 656, 667,
     737, 645, 310, 135, 83, 23, 364, 683, 130
[ 7] 509, 181, 432, 507, 108, 456, 161, 164, 67, 45, 9, 121, 80, 662, 213,
     435, 303, 99, 680, 288, 2, 163, 365, 712, 518, 406, 492, 566, 675, 252,
     681, 21, 703, 689, 254, 762, 226, 355, 122, 253, 470, 394, 185, 396, 351,
     523, 596, 555, 686, 124, 201, 4, 585, 548, 573, 457, 369, 694, 162, 40,
     332, 690, 733, 174, 522, 442, 28, 684, 468, 741, 445
[ 8] 622, 710, 542
[ 9] 501, 206
[10] 751, 24, 37, 51
[11] 527, 629
[12] 401, 370, 743
[13] 264, 402, 387, 540
[14] 102, 655, 616, 362, 569, 731, 740
[15] 474, 327
Clustering with 762 elements and 5 clusters
[0] 489, 290, 564, 283, 579, 724, 760, 466, 159, 458, 561, 187, 550, 512, 444,
    728, 766, 61, 624, 721, 236, 48, 143, 352, 333, 426, 142, 734, 633, 214,
    423, 328, 446, 208, 484, 404, 693, 502, 747, 300, 247, 44, 41, 412, 112,
    419, 611, 749, 293, 577, 85, 501, 244, 176, 486, 670, 219, 420, 520, 541,
    575, 393, 677, 767, 14, 3, 627, 141, 603, 89, 713, 228, 197, 491, 126,
    105, 748, 617, 653, 8, 101, 92, 287, 534, 95, 392, 461, 368, 260, 73, 265,
    595, 361, 663, 209, 753, 172, 223, 544, 510, 125, 292, 149, 230, 113, 380,
    372, 321, 450, 294, 25, 532, 757, 514, 660, 52, 497, 636, 742, 506, 659,
    517, 560, 428, 216, 16, 10, 547, 536, 765, 373, 347, 339, 180, 171, 666,
    386, 366, 580, 605, 699, 725, 199, 277, 707, 139, 155, 722, 301, 638, 764,
    111, 543, 234, 688, 243, 739, 150, 137, 148, 562, 47, 145, 424, 168, 295,
    553, 304, 679, 59, 66, 588, 459, 350, 709, 397, 381, 589, 610, 378, 49,
    451, 674, 657, 453, 649, 504, 284, 391, 340, 315, 418, 296, 519, 646, 593,
    441, 233, 77, 746, 572, 215, 471, 191, 94, 482, 600, 263, 308, 38, 727,
    190, 114, 416, 116, 206, 188, 479, 533, 654, 626, 614, 29, 76, 537, 490,
    607, 618, 587, 390, 117, 157, 567, 202, 431, 718, 33, 359, 570, 473, 138,
    696, 581, 761, 400, 508, 472, 678, 438, 91, 134, 261, 65, 464, 521, 735,
    558, 530, 325, 131, 687, 682, 405, 736, 371, 601, 720, 26, 383, 151, 590,
    613, 705, 672, 439, 634, 46, 203, 700, 88, 632, 665, 719, 75, 238, 58,
    465, 417, 715, 648, 15, 623, 642, 447, 353, 668, 27, 205, 421, 698, 449,
    307, 196, 322, 701, 239, 158, 385, 395, 177, 598, 480, 269, 410, 298, 98,
    282, 487
[1] 96, 478, 132, 262, 711, 606, 81, 279, 306, 140, 30, 229, 652, 745, 586,
    769, 189, 170, 32, 407, 621, 335, 692, 511, 702, 237, 559, 469, 146, 676,
    377, 326, 505, 354, 503, 738, 454, 55, 545, 375, 413, 356, 311, 704, 240,
    346, 273, 217, 280, 224, 312, 100, 249, 467, 752, 97, 272, 165, 71, 513,
    483, 551, 673, 357, 39, 475, 90, 60, 481, 11, 499, 72, 493, 436, 34, 329,
    498, 19, 531, 554, 344, 754, 669, 568, 324, 529, 341, 433, 123, 330, 582,
    153, 552, 641, 43, 429, 107, 644, 271, 571, 343, 1, 685, 232, 594, 5, 12,
    118, 198, 525, 218, 160, 376, 276, 248, 664, 455, 268, 732, 266, 36, 120,
    535, 460, 661, 625, 154, 222, 477, 79, 602
[2] 615, 251, 167, 422, 297, 246, 319, 635, 494, 755, 186, 245, 320, 726, 129,
    425, 448, 384, 166, 414, 691, 360, 69, 289, 658, 546, 563, 64, 195, 53,
    697, 173, 744, 86, 182, 358, 398, 313, 175, 286, 281, 476, 538, 671, 323,
    434, 194, 128, 144, 318, 462, 274, 305, 299, 374, 496, 578, 363, 133, 389,
    604, 314, 342, 430, 22, 250, 379, 695, 334, 256, 56, 42, 408, 643, 338,
    211, 750, 221, 345, 768, 631, 93, 440, 70, 78, 495, 708, 515, 637, 500,
    403, 63, 597, 763, 212, 756, 716, 591, 524, 485, 620, 443, 231, 730, 193,
    452, 309, 127, 463, 556, 84, 574, 729, 156, 612, 758, 317, 411, 178, 557,
    759, 184, 270, 257, 179, 57, 549, 331, 7, 275, 200, 220, 630, 278, 337,
    528, 539, 348, 242, 54, 382, 609, 18, 62, 592, 227, 109, 706, 302, 241,
    210, 608, 82, 640, 152, 651, 336, 136, 647, 723, 235, 714, 119, 258, 656,
    516, 667, 628, 619, 737, 68, 645, 31, 584, 415, 310, 20, 291, 488, 115, 6,
    349, 135, 83, 650, 267, 717, 565, 255, 23, 364, 183, 285, 576, 103, 207,
    683, 526, 192, 259, 130
[3] 87, 104, 388, 110, 409, 316, 102, 655, 583, 367, 599, 616, 362, 204, 569,
    639, 50, 17, 225, 399, 731, 740, 427
[4] 509, 181, 432, 507, 108, 456, 161, 164, 622, 67, 45, 9, 121, 80, 662, 213,
    435, 303, 99, 680, 288, 2, 163, 751, 365, 712, 518, 406, 492, 527, 401,
    370, 566, 675, 252, 681, 21, 264, 703, 689, 254, 762, 226, 355, 122, 253,
    470, 402, 629, 394, 185, 396, 351, 523, 24, 596, 555, 686, 124, 387, 201,
    4, 585, 548, 573, 457, 369, 694, 162, 40, 332, 474, 690, 710, 743, 327,
    733, 174, 37, 522, 442, 28, 540, 684, 51, 542, 468, 741, 445
